Radial geometries restriction raw outputs (unlabeled)
operapoints@EPIC-GAMER-LAPTOP:~/Projects/engine-opt/build$ ./engine_opt 
Problem name: problem_jet_calc
	C++ class name: problem_jet_calc

	Global dimension:			12
	Integer dimension:			0
	Fitness dimension:			25
	Number of objectives:			1
	Equality constraints dimension:		0
	Inequality constraints dimension:	24
	Tolerances on constraints: [0, 0, 0, 0, 0, ... ]
	Lower bounds: [0, 0, 600, 0.005, 0.005, ... ]
	Upper bounds: [20000, 300, 1100, 0.035, 0.035, ... ]
	Has batch fitness evaluation: false

	Has gradient: false
	User implemented gradient sparsity: false
	Has hessians: false
	User implemented hessians sparsity: false

	Fitness evaluations: 0

	Thread safety: basic
-0.737543
{8265.63, 48.8676, 1094.28, 0.00743243, 0.0161459, 0.000427642, 0.0299273, 33.3377, 0.0156543, 0.0246662, 0.00135229, 0.0165837, }
-0.729598
{8214.85, 56.7219, 1098.32, 0.00891301, 0.0159172, 0.000252137, 0.0299954, 32.8747, 0.0154975, 0.0245268, 0.00137657, 0.0158872, }
-0.710294
{7956.43, 46.6114, 1086.16, 0.00540435, 0.0154412, 0.000259785, 0.0299938, 31.047, 0.0156713, 0.0247211, 0.00116066, 0.0179782, }
-0.746891
{8275.7, 52.7253, 1087.43, 0.00959269, 0.0169658, 0.000313294, 0.029876, 33.8459, 0.0157005, 0.0247191, 0.00115815, 0.0166679, }
-0.71805
{8174.86, 48.7314, 1095.44, 0.0082582, 0.0162922, 0.000227821, 0.0293973, 32.039, 0.0153649, 0.0243855, 0.00150643, 0.0163154, }
-0.687763
{7950.03, 52.1819, 1092.48, 0.00991612, 0.016541, 0.000169956, 0.0292701, 29.7787, 0.015187, 0.024236, 0.00128495, 0.0165099, }
-0.713984
{8031.14, 55.137, 1095.57, 0.0066334, 0.0148633, 0.000223887, 0.0299086, 31.49, 0.0156398, 0.0246885, 0.00096204, 0.0168485, }
-0.72799
{8114.87, 84.3565, 1099.69, 0.0170877, 0.020304, 0.00032706, 0.0299296, 32.5631, 0.015642, 0.024756, 0.00102025, 0.0171202, }
-0.710656
{7986.11, 71.2977, 1077.79, 0.00519904, 0.0128131, 0.000346939, 0.0299984, 31.1626, 0.0155742, 0.0245887, 0.00109649, 0.0190941, }
-0.72787
{8142.13, 51.5862, 1094.22, 0.00621874, 0.0152427, 0.000264981, 0.0299517, 32.477, 0.0156756, 0.024752, 0.00121543, 0.0199483, }
-0.737292
{8272.61, 82.4546, 1098.41, 0.00557835, 0.0123943, 0.000411803, 0.0299114, 33.5132, 0.0155459, 0.0245517, 0.00108162, 0.0175595, }
-0.698063
{8029.07, 63.5145, 1096.36, 0.00731995, 0.0141819, 0.000150204, 0.0297127, 30.5431, 0.0152745, 0.0243317, 0.0013446, 0.0180435, }
-0.721344
{8198.82, 46.3566, 1092.26, 0.00507801, 0.0153443, 0.000210155, 0.029636, 32.1802, 0.0153893, 0.0244181, 0.00109554, 0.0158173, }
-0.723873
{8098.45, 63.6731, 1096.79, 0.0112309, 0.0168003, 0.000248763, 0.0298298, 32.252, 0.0157431, 0.0247564, 0.00126953, 0.0198208, }
-0.720995
{8044.02, 58.006, 1077.48, 0.00872097, 0.015725, 0.000154713, 0.0298967, 31.8525, 0.0157162, 0.0247261, 0.00123082, 0.0172991, }
-0.726787
{8118.22, 46.4202, 1081.02, 0.00569569, 0.0156844, 0.000216513, 0.0299689, 32.3849, 0.0156097, 0.0246505, 0.00107604, 0.0168697, }
-0.704829
{7914.23, 63.5187, 1077.3, 0.00696607, 0.0141814, 0.000320745, 0.0297275, 30.6643, 0.0155906, 0.0246129, 0.0009692, 0.0164, }
-0.742618
{8219.87, 52.9652, 1092.09, 0.00567811, 0.0150643, 0.000280946, 0.0299093, 33.4649, 0.0157374, 0.0248602, 0.00143064, 0.0185471, }
-0.719337
{8129.06, 61.4779, 1096.04, 0.0050739, 0.0135822, 0.000250852, 0.0298221, 32.0434, 0.015499, 0.0245381, 0.00121359, 0.0165501, }
-0.728163
{8251.69, 51.1508, 1081.4, 0.00586659, 0.0150578, 0.000345921, 0.0298433, 32.6516, 0.0153653, 0.0243717, 0.00145347, 0.0156119, }
-0.755007
{8451.94, 59.9567, 1096.99, 0.00918611, 0.0159927, 0.000270124, 0.0299815, 34.825, 0.0155367, 0.0245406, 0.00140216, 0.0173654, }
-0.726347
{8107.78, 64.3867, 1097.44, 0.00637566, 0.014007, 0.00034471, 0.0299934, 32.3975, 0.015717, 0.0247234, 0.00101265, 0.0165648, }
-0.703574
{7862.24, 71.3913, 1093.07, 0.00792077, 0.014147, 0.000304277, 0.029971, 30.5303, 0.0158711, 0.0249515, 0.00155506, 0.0169361, }
-0.728569
{8167.57, 50.1918, 1091.72, 0.0056536, 0.0151188, 0.000293941, 0.0297172, 32.6941, 0.0155587, 0.0245849, 0.00122749, 0.0157375, }
-0.740482
{8226.39, 54.5589, 1087.4, 0.00778433, 0.0157398, 0.000334913, 0.0299572, 33.3876, 0.0157084, 0.024755, 0.00141818, 0.0170643, }
-0.733573
{8259.27, 58.3046, 1095.72, 0.00575903, 0.0143065, 0.000206681, 0.0298669, 33.0716, 0.0154244, 0.0245131, 0.00139318, 0.0168503, }
-0.716514
{8009.64, 66.7646, 1098.58, 0.00714105, 0.0141443, 0.000245495, 0.0299925, 31.5599, 0.0157392, 0.024861, 0.00135078, 0.0159984, }
-0.733522
{8369.47, 51.8715, 1094.49, 0.00854295, 0.0162117, 0.000171081, 0.0298687, 33.235, 0.0152878, 0.0242988, 0.00117357, 0.0166745, }
-0.680869
{7730.43, 93.8486, 1090.73, 0.00640045, 0.0118959, 0.000377787, 0.0296764, 29.0652, 0.0154403, 0.0245788, 0.00138919, 0.0163407, }
-0.761432
{8517.99, 54.9761, 1099.96, 0.00595778, 0.0149636, 0.000420199, 0.0299689, 35.3291, 0.0154797, 0.0245188, 0.0011785, 0.0186518, }
-0.723391
{8059.69, 50.7542, 1093.52, 0.00561764, 0.0151176, 0.00035484, 0.0298793, 32.0258, 0.0156956, 0.0248006, 0.00117341, 0.0201519, }
-0.741436
{8184.72, 64.2607, 1096.28, 0.00565364, 0.0139021, 0.000226776, 0.0299899, 33.3733, 0.0159719, 0.0249787, 0.00138119, 0.0190957, }
operapoints@EPIC-GAMER-LAPTOP:~/Projects/engine-opt/build$ ./engine_opt 
Problem name: problem_jet_calc
	C++ class name: problem_jet_calc

	Global dimension:			12
	Integer dimension:			0
	Fitness dimension:			24
	Number of objectives:			1
	Equality constraints dimension:		0
	Inequality constraints dimension:	23
	Tolerances on constraints: [0, 0, 0, 0, 0, ... ]
	Lower bounds: [0, 0, 600, 0.005, 0.005, ... ]
	Upper bounds: [20000, 300, 1100, 0.035, 0.035, ... ]
	Has batch fitness evaluation: false

	Has gradient: false
	User implemented gradient sparsity: false
	Has hessians: false
	User implemented hessians sparsity: false

	Fitness evaluations: 0

	Thread safety: basic
-1.7271
{11475.8, 136.127, 1099.93, 0.00506064, 0.0205654, 0.000969792, 0.0299884, 62.1348, 0.0222744, 0.0335402, 0.00247409, 0.0201725, }
-1.72629
{11468, 134.238, 1099.56, 0.00511791, 0.0206706, 0.00124719, 0.0299892, 62.2879, 0.0143174, 0.0309416, 0.0020881, 0.0178312, }
-1.72473
{11482.7, 136.228, 1097.97, 0.00503036, 0.0205081, 0.000921399, 0.0299862, 62.438, 0.0237386, 0.0349572, 0.00142995, 0.0188379, }
-1.72913
{11452.2, 131.845, 1099.92, 0.00503503, 0.0208484, 0.00087319, 0.0299967, 62.0911, 0.0200551, 0.0340404, 0.00203141, 0.0196263, }
-1.72608
{11508.3, 138.696, 1098.85, 0.00504572, 0.0203576, 0.00118756, 0.0299735, 62.591, 0.0224816, 0.0330367, 0.00290919, 0.0192036, }
-1.72495
{11443.5, 135.388, 1097.57, 0.00506091, 0.0206656, 0.00107361, 0.0299941, 61.6105, 0.019373, 0.0329756, 0.0027227, 0.0208354, }
-1.72432
{11450.7, 131.079, 1099.44, 0.00502401, 0.0208739, 0.00111273, 0.029998, 61.8666, 0.015299, 0.0320916, 0.00216383, 0.0179697, }
-1.72749
{11485.4, 137.644, 1098.8, 0.00503776, 0.0204506, 0.000897765, 0.0299998, 62.4195, 0.0174812, 0.0326893, 0.0014176, 0.017482, }
-1.7279
{11509.2, 138.52, 1097.45, 0.00500633, 0.0203718, 0.0013525, 0.0299927, 62.728, 0.0230685, 0.0334175, 0.00167314, 0.0179048, }
-1.72628
{11557.3, 136.908, 1099.12, 0.0050076, 0.0203798, 0.000964527, 0.0299908, 63.2401, 0.0247672, 0.0343659, 0.00280061, 0.0193046, }
-1.7274
{11487.8, 135.498, 1097.98, 0.00500172, 0.0205752, 0.000853305, 0.029985, 62.4101, 0.022148, 0.0336497, 0.00309661, 0.0204916, }
-1.72811
{11515.8, 140.605, 1099.38, 0.00500487, 0.020236, 0.0012873, 0.0299778, 62.7698, 0.0151302, 0.0316407, 0.00180439, 0.0166781, }
-1.72756
{11487.3, 132.314, 1099.49, 0.00500016, 0.0207611, 0.00136711, 0.029996, 62.4062, 0.0183941, 0.0322763, 0.00224748, 0.0197102, }
-1.72653
{11510.8, 135.893, 1098.44, 0.00509321, 0.0205193, 0.00106734, 0.0299906, 62.7861, 0.0205847, 0.0337213, 0.00221668, 0.0206652, }
-1.72535
{11500.6, 136.712, 1097.87, 0.00502795, 0.0204716, 0.00110178, 0.0299949, 62.5648, 0.0147493, 0.0312047, 0.00145222, 0.0190973, }
-1.728
{11480.3, 136.688, 1099.01, 0.0050456, 0.0205259, 0.00111534, 0.0299985, 62.299, 0.0199769, 0.0323118, 0.00268407, 0.0191601, }
-1.72698
{11515.4, 134.156, 1099.61, 0.00500016, 0.0206047, 0.00111507, 0.0299862, 62.7185, 0.0183973, 0.0325344, 0.00248013, 0.0193573, }
-1.72587
{11482.8, 134.528, 1098.86, 0.00505462, 0.0206237, 0.00120567, 0.0299803, 62.4168, 0.0178071, 0.0315171, 0.00189781, 0.0190974, }
-1.72519
{11480.7, 134.937, 1099.73, 0.00503909, 0.0205808, 0.00083878, 0.0299934, 62.423, 0.0171207, 0.0315846, 0.00207349, 0.0159677, }
-1.72794
{11455.9, 134.063, 1099.2, 0.00503212, 0.0207103, 0.00106491, 0.0299992, 62.0233, 0.01433, 0.031219, 0.00151023, 0.0172955, }
-1.72681
{11468, 133.148, 1099.82, 0.00512361, 0.0207478, 0.00103579, 0.0299826, 62.2406, 0.0223079, 0.0342758, 0.00174201, 0.0159523, }
-1.72666
{11504.9, 135.971, 1096.82, 0.00503151, 0.0205203, 0.000917636, 0.0299935, 62.72, 0.0213889, 0.0344676, 0.00187514, 0.0206396, }
-1.72669
{11492.9, 135.707, 1098.15, 0.00502724, 0.0205482, 0.00122729, 0.0299993, 62.5162, 0.020626, 0.0321645, 0.00199313, 0.0169342, }
-1.72739
{11463.4, 134.965, 1099.55, 0.00504499, 0.0206322, 0.00124337, 0.0299993, 62.1803, 0.0211478, 0.0336692, 0.00238799, 0.0192847, }
-1.72594
{11516.3, 138.583, 1096.29, 0.00501229, 0.0203567, 0.00114896, 0.0299823, 62.7423, 0.0167575, 0.0319577, 0.00215111, 0.0198179, }
-1.7258
{11433.4, 129.471, 1099.91, 0.00508709, 0.0209993, 0.00131678, 0.0299897, 61.9167, 0.0164644, 0.0318366, 0.00143376, 0.0164191, }
-1.72641
{11465.9, 134.58, 1098.4, 0.00502749, 0.0206546, 0.0010543, 0.029991, 62.1385, 0.0235242, 0.0343044, 0.0017278, 0.01775, }
-1.72565
{11502.4, 139.134, 1096.33, 0.00501203, 0.020338, 0.000894235, 0.0299786, 62.598, 0.0221441, 0.0339175, 0.00191709, 0.0201556, }
-1.72859
{11481.4, 132.723, 1099.32, 0.00500369, 0.0207435, 0.00136255, 0.0299977, 62.4487, 0.0235235, 0.0339986, 0.00193832, 0.0199063, }
-1.72616
{11519.5, 136.261, 1098.79, 0.00505407, 0.0204697, 0.000927247, 0.0299935, 62.8885, 0.0239155, 0.0340134, 0.00267437, 0.020883, }
-1.72739
{11490.5, 138.447, 1098.72, 0.00507134, 0.0204094, 0.00132359, 0.0299899, 62.441, 0.020549, 0.0336144, 0.00233962, 0.0177105, }
-1.72618
{11472.4, 136.267, 1099.77, 0.00502209, 0.0205266, 0.00126791, 0.0299881, 62.2479, 0.0173387, 0.0314709, 0.00177388, 0.0181641, }
operapoints@EPIC-GAMER-LAPTOP:~/Projects/engine-opt/build$ ./engine_opt 
Problem name: problem_jet_calc
	C++ class name: problem_jet_calc

	Global dimension:			12
	Integer dimension:			0
	Fitness dimension:			24
	Number of objectives:			1
	Equality constraints dimension:		0
	Inequality constraints dimension:	23
	Tolerances on constraints: [0, 0, 0, 0, 0, ... ]
	Lower bounds: [0, 0, 600, 0.005, 0.005, ... ]
	Upper bounds: [20000, 300, 1100, 0.035, 0.035, ... ]
	Has batch fitness evaluation: false

	Has gradient: false
	User implemented gradient sparsity: false
	Has hessians: false
	User implemented hessians sparsity: false

	Fitness evaluations: 0

	Thread safety: basic
terminate called after throwing an instance of 'std::invalid_argument'
  what():  
function: prob_check_fv
where: /tmp/operapoints/spack-stage/spack-stage-pagmo2-2.18.0-xprq2kk2yif7hbppl66uawyg45h6qrhb/spack-src/src/problem.cpp, 959
what: A fitness vector is incompatible with a problem of type 'problem_jet_calc': the dimension of the fitness of the problem is 24, while the fitness vector has a size of 25 (the two values should be equal)

Aborted (core dumped)
operapoints@EPIC-GAMER-LAPTOP:~/Projects/engine-opt/build$ ./build
bash: ./build: No such file or directory
operapoints@EPIC-GAMER-LAPTOP:~/Projects/engine-opt/build$ ./build.sh
-- Required Boost libraries: serialization
-- Found Boost: /home/operapoints/spack/opt/spack/linux-ubuntu24.04-skylake/gcc-13.3.0/boost-1.86.0-khts4rvisoxaxs3jjep2pmwyexjo3jpw/lib/cmake/Boost-1.86.0/BoostConfig.cmake (found suitable version "1.86.0", minimum required is "1.60.0") found components: serialization 
-- Detected Boost version: 1.86.0
-- Boost include dirs: /home/operapoints/spack/opt/spack/linux-ubuntu24.04-skylake/gcc-13.3.0/boost-1.86.0-khts4rvisoxaxs3jjep2pmwyexjo3jpw/include
-- Found Boost: /home/operapoints/spack/opt/spack/linux-ubuntu24.04-skylake/gcc-13.3.0/boost-1.86.0-khts4rvisoxaxs3jjep2pmwyexjo3jpw/lib/cmake/Boost-1.86.0/BoostConfig.cmake (found version "1.86.0")  
-- Configuring done (0.0s)
-- Generating done (0.0s)
-- Build files have been written to: /home/operapoints/Projects/engine-opt/build
[ 33%] Building CXX object CMakeFiles/engine_opt.dir/jet_calc.cpp.o
[ 66%] Linking CXX executable engine_opt
[100%] Built target engine_opt
operapoints@EPIC-GAMER-LAPTOP:~/Projects/engine-opt/build$ ./engine_opt 
Problem name: problem_jet_calc
	C++ class name: problem_jet_calc

	Global dimension:			12
	Integer dimension:			0
	Fitness dimension:			25
	Number of objectives:			1
	Equality constraints dimension:		0
	Inequality constraints dimension:	24
	Tolerances on constraints: [0, 0, 0, 0, 0, ... ]
	Lower bounds: [0, 0, 600, 0.005, 0.005, ... ]
	Upper bounds: [20000, 300, 1100, 0.035, 0.035, ... ]
	Has batch fitness evaluation: false

	Has gradient: false
	User implemented gradient sparsity: false
	Has hessians: false
	User implemented hessians sparsity: false

	Fitness evaluations: 0

	Thread safety: basic
-1.65281
{13666.5, 136.158, 1097.9, 0.00502995, 0.0172707, 0.00073943, 0.0299776, 90.2208, 0.0166758, 0.0273467, 0.00217529, 0.0185457, }
-1.65172
{13659.6, 138.484, 1098.67, 0.00505164, 0.017142, 0.000547577, 0.0299945, 90.3208, 0.0156272, 0.0265343, 0.00214782, 0.0195225, }
-1.6522
{13747, 134.777, 1098.28, 0.00502905, 0.0172345, 0.000682541, 0.0299971, 91.5492, 0.0165085, 0.0264057, 0.00170916, 0.0170069, }
-1.65282
{13675.9, 137.534, 1099.07, 0.00504781, 0.01719, 0.000605912, 0.0299772, 90.3949, 0.0165672, 0.027042, 0.00124113, 0.0215529, }
-1.6515
{13671.6, 134.533, 1098.16, 0.00501747, 0.0173304, 0.00060266, 0.0299512, 90.2344, 0.0163064, 0.0267962, 0.00123059, 0.0158589, }
-1.65177
{13700.7, 137.337, 1099.9, 0.0051238, 0.0171669, 0.000558436, 0.0299993, 90.9424, 0.0149801, 0.0263064, 0.00191358, 0.0188971, }
-1.65076
{13675.1, 136.998, 1099.83, 0.00501526, 0.0171769, 0.000514717, 0.0299856, 90.4339, 0.0170325, 0.0274258, 0.0019558, 0.0175889, }
-1.64996
{13672.2, 135.46, 1098.95, 0.00514921, 0.0172958, 0.000615954, 0.0299678, 90.3185, 0.0166906, 0.0265787, 0.00144479, 0.0156351, }
-1.65285
{13616.9, 129.557, 1099.53, 0.00504234, 0.0176355, 0.000534726, 0.0299981, 89.7605, 0.0163144, 0.0272055, 0.00200715, 0.0186843, }
-1.65169
{13685.4, 134.989, 1099.04, 0.00501072, 0.0172943, 0.000671209, 0.0299994, 90.3489, 0.0167983, 0.0273113, 0.0019232, 0.0176048, }
-1.65094
{13621.5, 131.635, 1094.51, 0.00504089, 0.0175345, 0.00062109, 0.0299881, 89.7711, 0.0161496, 0.0271325, 0.00109477, 0.0165434, }
-1.64983
{13699.9, 135.823, 1097.57, 0.00500919, 0.0172424, 0.000597729, 0.0299189, 90.3363, 0.0150128, 0.0264933, 0.00157398, 0.0188721, }
-1.65304
{13658.4, 137.798, 1098.6, 0.00504138, 0.0171928, 0.000667681, 0.0299866, 90.2265, 0.0157657, 0.0270914, 0.00143914, 0.0168671, }
-1.65076
{13636.8, 130.721, 1096.5, 0.00509644, 0.0175618, 0.000704327, 0.0299972, 90.0743, 0.0177943, 0.0270883, 0.00176125, 0.0190309, }
-1.65171
{13629.8, 130.459, 1099.25, 0.00500391, 0.0175604, 0.000504437, 0.0299888, 89.8334, 0.0166661, 0.0265058, 0.00187615, 0.0176283, }
-1.65266
{13743.9, 136.926, 1098.76, 0.00501256, 0.0171379, 0.00073733, 0.0299768, 91.3979, 0.0169842, 0.0268723, 0.00163271, 0.0166966, }
-1.65086
{13629.4, 129.431, 1096.72, 0.0050433, 0.0176295, 0.000517478, 0.0299823, 89.8736, 0.0166187, 0.0269552, 0.0020969, 0.0157924, }
-1.6511
{13658.4, 130.461, 1099.75, 0.00501683, 0.0175288, 0.000550529, 0.0299661, 90.1795, 0.0157651, 0.0265861, 0.00184226, 0.0180002, }
-1.65044
{13709.2, 139.642, 1098.97, 0.00503837, 0.0170432, 0.000715464, 0.0299513, 90.6769, 0.0146936, 0.0263333, 0.00128904, 0.0192289, }
-1.65368
{13663.6, 133.811, 1098.29, 0.00500094, 0.0173798, 0.000534636, 0.0299819, 90.3023, 0.0166391, 0.026897, 0.00140428, 0.0155704, }
-1.65018
{13665.1, 139.564, 1098.93, 0.00515351, 0.017105, 0.000599681, 0.0299791, 90.3052, 0.015842, 0.0269581, 0.00194982, 0.0175291, }
-1.65175
{13699.2, 134.097, 1098.02, 0.00500581, 0.0173097, 0.000606065, 0.0299821, 90.8272, 0.0163089, 0.0266639, 0.00108723, 0.0182331, }
-1.65275
{13658.2, 132.262, 1099.05, 0.00501753, 0.0174577, 0.000719731, 0.0299763, 90.1784, 0.0149535, 0.0263083, 0.00176122, 0.0188465, }
-1.65207
{13635.7, 136.878, 1098.63, 0.0050711, 0.0172508, 0.000687572, 0.0299984, 90.0061, 0.0159745, 0.0270645, 0.00147007, 0.0184981, }
-1.65137
{13648.9, 132.6, 1099.9, 0.00509618, 0.017454, 0.000553652, 0.0299746, 90.0268, 0.0166348, 0.0262826, 0.00167498, 0.0187735, }
-1.65176
{13654.3, 134.263, 1097.47, 0.00503863, 0.0173661, 0.000759719, 0.0299772, 90.1086, 0.0165097, 0.0262835, 0.00171162, 0.0214587, }
-1.65158
{13619, 132.503, 1097.65, 0.00512402, 0.0175035, 0.000568148, 0.0299962, 89.7453, 0.0177581, 0.0269347, 0.00116284, 0.0163516, }
-1.65105
{13732.8, 132.688, 1098.02, 0.00500975, 0.0173444, 0.000561575, 0.0299773, 91.2431, 0.0180806, 0.0277217, 0.0020331, 0.0203013, }
-1.65041
{13775.7, 136.075, 1098.85, 0.00503264, 0.0171298, 0.000502913, 0.0299751, 91.8269, 0.0166952, 0.0268288, 0.00115989, 0.0192198, }
-1.65259
{13674.6, 131.632, 1099.12, 0.00500721, 0.0174619, 0.00059928, 0.0299934, 90.4979, 0.0181561, 0.0273914, 0.00127699, 0.0204372, }
-1.65053
{13745.4, 136.693, 1096.26, 0.00501766, 0.0171375, 0.000618313, 0.0299909, 91.4684, 0.0162559, 0.0268694, 0.00152156, 0.0204533, }
-1.65129
{13685.3, 132.065, 1099.98, 0.00501431, 0.0174103, 0.000516763, 0.0299949, 90.6603, 0.0164812, 0.0264562, 0.00181055, 0.0172134, }
operapoints@EPIC-GAMER-LAPTOP:~/Projects/engine-opt/build$ ./engine_opt 
Problem name: problem_jet_calc
	C++ class name: problem_jet_calc

	Global dimension:			12
	Integer dimension:			0
	Fitness dimension:			25
	Number of objectives:			1
	Equality constraints dimension:		0
	Inequality constraints dimension:	24
	Tolerances on constraints: [0, 0, 0, 0, 0, ... ]
	Lower bounds: [0, 0, 600, 0.005, 0.005, ... ]
	Upper bounds: [20000, 300, 1100, 0.035, 0.035, ... ]
	Has batch fitness evaluation: false

	Has gradient: false
	User implemented gradient sparsity: false
	Has hessians: false
	User implemented hessians sparsity: false

	Fitness evaluations: 0

	Thread safety: basic
-1.5575
{14642.6, 104.811, 1088.58, 0.00594258, 0.0172871, 0.000398734, 0.0298836, 104.163, 0.0154861, 0.0244934, 0.00158327, 0.0172411, }
-1.53261
{14605.1, 105.084, 1095.94, 0.00653518, 0.0173025, 0.000522428, 0.029669, 101.483, 0.0153373, 0.0243819, 0.00125474, 0.0154865, }
-1.56202
{14585.7, 103.672, 1097.74, 0.00556732, 0.017297, 0.000371243, 0.0298845, 103.433, 0.0156877, 0.0246959, 0.00168175, 0.0165852, }
-1.55428
{14515.9, 102.419, 1096.7, 0.00551611, 0.017323, 0.000372008, 0.0298953, 102.677, 0.0155663, 0.0246351, 0.00100536, 0.0166176, }
-1.56939
{14554.8, 101.699, 1099.23, 0.00546431, 0.0174617, 0.000489965, 0.0299858, 103.838, 0.0155899, 0.0246853, 0.00164499, 0.0176249, }
-1.56103
{14573.4, 103.279, 1096.67, 0.00575289, 0.0173875, 0.000463573, 0.0299033, 103.287, 0.0156323, 0.0246883, 0.00169898, 0.015516, }
-1.57256
{14728.9, 104.84, 1099.15, 0.00528651, 0.0171447, 0.000441578, 0.0299257, 105.105, 0.0154876, 0.0245145, 0.0014092, 0.0181026, }
-1.54917
{14447.3, 101.68, 1093.47, 0.00604849, 0.0175231, 0.000530415, 0.0299844, 102.363, 0.015584, 0.0246592, 0.0010523, 0.0183931, }
-1.56151
{14612.2, 108.023, 1092.49, 0.00558783, 0.0170121, 0.000483786, 0.0299865, 103.853, 0.0155696, 0.0245823, 0.00116825, 0.0196141, }
-1.56862
{14628.1, 101.87, 1097.91, 0.00510225, 0.0173167, 0.000430441, 0.0299721, 104.123, 0.0155355, 0.0245892, 0.00146329, 0.0166282, }
-1.55169
{14656.4, 107.702, 1099.26, 0.00567203, 0.0169385, 0.000492631, 0.0299809, 103.233, 0.0154089, 0.0244274, 0.00135861, 0.0156456, }
-1.55537
{14616, 99.7693, 1094.55, 0.00509775, 0.0173535, 0.000381245, 0.0298357, 103.463, 0.0154869, 0.0245036, 0.00133293, 0.0213874, }
-1.54049
{14480.4, 99.5353, 1094.54, 0.00556207, 0.0174401, 0.000476877, 0.0298775, 101.668, 0.0155552, 0.0246257, 0.00140774, 0.0180954, }
-1.56344
{14624.7, 100.529, 1086.12, 0.00524197, 0.0174421, 0.000433719, 0.0299716, 104.285, 0.0155182, 0.0245519, 0.00139383, 0.0201492, }
-1.55782
{14606.5, 108.669, 1096.01, 0.00567301, 0.0169379, 0.000450533, 0.0298808, 103.775, 0.0155559, 0.0245629, 0.00127952, 0.0196901, }
-1.54596
{14646.3, 101.208, 1087.18, 0.00523935, 0.017252, 0.000383887, 0.0296914, 102.835, 0.0154662, 0.0244729, 0.00116684, 0.016141, }
-1.55767
{14480.3, 102.747, 1096.77, 0.00512239, 0.0172282, 0.000470741, 0.0299751, 102.616, 0.0156224, 0.0246844, 0.00110459, 0.0160717, }
-1.56738
{14588.6, 102.372, 1094.44, 0.00508219, 0.0172941, 0.000550192, 0.0299333, 103.906, 0.0155361, 0.0246214, 0.00111755, 0.0182233, }
-1.56289
{14507.6, 100.626, 1091.6, 0.00554057, 0.0175631, 0.000539743, 0.0299921, 103.216, 0.0155503, 0.0246783, 0.00101231, 0.0158937, }
-1.56283
{14584.2, 100.437, 1097.87, 0.00530534, 0.0174519, 0.000366197, 0.0299376, 103.427, 0.015563, 0.0246281, 0.00149269, 0.0192494, }
-1.56155
{14632.8, 108.187, 1095.06, 0.00584244, 0.0170583, 0.000462124, 0.0298714, 104.076, 0.015508, 0.0245418, 0.00122111, 0.0160367, }
-1.54115
{14430.6, 104.368, 1083.77, 0.00665917, 0.0175399, 0.000429113, 0.0299636, 101.964, 0.0155673, 0.0246105, 0.00137274, 0.0210497, }
-1.54055
{14574.2, 112.117, 1092.74, 0.00507255, 0.0164228, 0.000402409, 0.0299483, 102.407, 0.0154594, 0.0244806, 0.00141614, 0.0179978, }
-1.56089
{14574.1, 102.725, 1092.05, 0.00569563, 0.0173989, 0.000420253, 0.029931, 103.742, 0.0155596, 0.0246241, 0.0016194, 0.0158954, }
-1.54606
{14534.2, 114.84, 1090.74, 0.00622268, 0.016721, 0.000497951, 0.0299141, 102.68, 0.0155304, 0.0245649, 0.00111229, 0.0174269, }
-1.56333
{14610.9, 111.292, 1093.11, 0.00501831, 0.0166138, 0.000445434, 0.0299911, 104.386, 0.015598, 0.024601, 0.00152824, 0.0179393, }
-1.5633
{14605.1, 111.868, 1099.34, 0.00618633, 0.0169604, 0.000376167, 0.0299265, 104.009, 0.0155449, 0.024571, 0.00141127, 0.0189146, }
-1.55346
{14615.3, 97.0431, 1097.87, 0.00512963, 0.0175616, 0.000418111, 0.0297514, 102.9, 0.0153924, 0.0244872, 0.0016593, 0.0156301, }
-1.5444
{14431, 95.8826, 1091.48, 0.0055903, 0.0178239, 0.000509428, 0.0298835, 101.251, 0.0157425, 0.0247877, 0.0016101, 0.0187398, }
-1.55405
{14546.2, 110.277, 1091.87, 0.00632739, 0.0170838, 0.000413784, 0.0299887, 103.197, 0.0155424, 0.0245825, 0.00133911, 0.0160336, }
-1.56773
{14583.7, 100.962, 1094.32, 0.00519684, 0.0174265, 0.00053888, 0.0299874, 104.007, 0.0157343, 0.0247429, 0.00126138, 0.0177048, }
-1.56075
{14579.4, 101.466, 1095.52, 0.00567506, 0.0174755, 0.000506179, 0.02993, 103.497, 0.0156357, 0.0246687, 0.00127826, 0.0216274, }
operapoints@EPIC-GAMER-LAPTOP:~/Projects/engine-opt/build$ ^C
operapoints@EPIC-GAMER-LAPTOP:~/Projects/engine-opt/build$ ./engine_opt 
Problem name: problem_jet_calc
	C++ class name: problem_jet_calc

	Global dimension:			12
	Integer dimension:			0
	Fitness dimension:			26
	Number of objectives:			1
	Equality constraints dimension:		0
	Inequality constraints dimension:	25
	Tolerances on constraints: [0, 0, 0, 0, 0, ... ]
	Lower bounds: [0, 0, 600, 0.005, 0.005, ... ]
	Upper bounds: [20000, 300, 1100, 0.035, 0.035, ... ]
	Has batch fitness evaluation: false

	Has gradient: false
	User implemented gradient sparsity: false
	Has hessians: false
	User implemented hessians sparsity: false

	Fitness evaluations: 0

	Thread safety: basic
-1.52605
{19985, 107.45, 1099.97, 0.00588876, 0.012577, 0.000146215, 0.029998, 193.103, 0.022241, 0.023449, 0.000449557, 0.0191766, }
-1.53812
{19999.9, 126.584, 1099.95, 0.00593076, 0.0120899, 0.000151522, 0.0299957, 193.138, 0.021474, 0.0230813, 0.000448039, 0.0167401, }
-1.53048
{19999.2, 132.668, 1099.99, 0.00573355, 0.0117041, 0.000147917, 0.0299976, 193.11, 0.0213443, 0.0226968, 0.000488576, 0.0176949, }
-1.51069
{19988.6, 139.57, 1099.93, 0.00547064, 0.0111103, 0.000138876, 0.0299985, 193.11, 0.0203716, 0.0218901, 0.000418773, 0.0162282, }
-1.51992
{19995.7, 114.095, 1099.97, 0.00527784, 0.0119404, 0.000143026, 0.029999, 193.13, 0.0311259, 0.0317801, 0.000471813, 0.0155746, }
-1.49472
{19997.6, 118.544, 1099.95, 0.00599235, 0.0117322, 0.000131247, 0.029991, 193.118, 0.019608, 0.0213878, 0.000454756, 0.0160833, }
-1.55819
{19999, 145.762, 1099.99, 0.00513179, 0.0114468, 0.000160965, 0.0299923, 193.163, 0.0203169, 0.0223896, 0.000527973, 0.0171233, }
-1.47563
{19993.9, 153.702, 1099.99, 0.00661787, 0.0109536, 0.000122272, 0.0299996, 193.117, 0.0239143, 0.02486, 0.000367367, 0.015997, }
-1.53384
{19995.4, 137.836, 1099.94, 0.00539738, 0.0114464, 0.00014963, 0.029996, 193.119, 0.0221733, 0.0239291, 0.000382708, 0.0172486, }
-1.5344
{19999.6, 160.916, 1099.99, 0.00528792, 0.0108641, 0.000149946, 0.0299841, 193.139, 0.0206236, 0.0226229, 0.00046031, 0.0171422, }
-1.47712
{19997.2, 160.101, 1099.96, 0.0057226, 0.0103413, 0.000122936, 0.0299965, 193.138, 0.0213447, 0.0227206, 0.000264568, 0.0175767, }
-1.5117
{19998.7, 124.326, 1099.96, 0.00507559, 0.0113702, 0.000139132, 0.0299958, 193.115, 0.0220902, 0.0236974, 0.000449715, 0.0159022, }
-1.54578
{19998.2, 134.495, 1099.9, 0.0050811, 0.0115645, 0.000155126, 0.0299991, 193.109, 0.0197593, 0.0216048, 0.000446593, 0.0182295, }
-0.635114
{5460.6, 110, 1099.95, 0.0179612, 0.0222282, 0.0153569, 0.0131174, 17.6302, 0.0217191, 0.0333706, 0.00206271, 0.0216344, }
-0.68643
{5548.69, 134.71, 1099.96, 0.0117927, 0.0163195, 0.00215078, 0.0166487, 22.4401, 0.0214923, 0.0329572, 0.00175667, 0.0238799, }
-0.672834
{5912.34, 106.426, 1099.95, 0.00884094, 0.0169371, 0.0119272, 0.0138235, 17.7272, 0.0140154, 0.0321062, 0.00120059, 0.020947, }
-0.634505
{6150.34, 156.103, 1099.55, 0.00628596, 0.0137443, 0.00101656, 0.0297565, 15.7589, 0.0127588, 0.0308812, 0.00160136, 0.0152959, }
-1.53454
{19999.5, 123.73, 1099.96, 0.00513133, 0.0117587, 0.000149833, 0.0299963, 193.155, 0.0188102, 0.0210146, 0.000476772, 0.0160809, }
-1.5276
{19999.4, 131.794, 1099.97, 0.00600967, 0.0118243, 0.00014672, 0.0299871, 193.183, 0.020868, 0.0223723, 0.000525108, 0.0159087, }
-1.53462
{19985.2, 119.019, 1099.96, 0.00524419, 0.0119727, 0.00015018, 0.0299998, 193.135, 0.0196721, 0.0216748, 0.000488538, 0.0161821, }
-1.52586
{19999.5, 141.621, 1099.93, 0.00526785, 0.0111748, 0.000145749, 0.0299983, 193.116, 0.0271384, 0.0280258, 0.000499985, 0.015785, }
-1.47375
{19996.6, 184.93, 1099.93, 0.00541417, 0.00975475, 0.000121465, 0.0299864, 193.138, 0.0191717, 0.0209263, 0.000399946, 0.0159431, }
-1.49779
{19994.7, 118.622, 1099.98, 0.00656493, 0.0120782, 0.000132758, 0.0299934, 193.132, 0.0243812, 0.025365, 0.000397899, 0.0156589, }
-1.56565
{19998.6, 138.975, 1100, 0.00502266, 0.0116841, 0.00016479, 0.0299786, 193.114, 0.0216078, 0.0235992, 0.000550051, 0.015571, }
-1.48999
{19999.9, 106.693, 1099.94, 0.00506809, 0.0116421, 0.000128864, 0.03, 193.137, 0.0200155, 0.0216165, 0.000412327, 0.0161514, }
-1.54119
{19987.6, 130.764, 1099.96, 0.00531731, 0.0117158, 0.000153235, 0.0299987, 193.112, 0.0202115, 0.0223534, 0.000338136, 0.0155933, }
-1.51074
{19997.4, 131.875, 1099.96, 0.00592223, 0.0115395, 0.000138839, 0.0299886, 193.121, 0.0191393, 0.0211762, 0.000446887, 0.0168065, }
-1.52726
{19995.4, 155.2, 1099.94, 0.00502239, 0.0107614, 0.000146736, 0.0299839, 193.143, 0.0198465, 0.021887, 0.000513298, 0.015995, }
-1.51613
{19990.7, 124.122, 1099.95, 0.00523661, 0.011516, 0.000141486, 0.0299922, 193.153, 0.022891, 0.0243528, 0.000459667, 0.0161276, }
-1.53967
{19996.9, 119.808, 1099.98, 0.0050288, 0.011929, 0.000152361, 0.0299923, 193.107, 0.0218971, 0.0232907, 0.000470778, 0.0176349, }
-1.46852
{19997.7, 163.706, 1099.97, 0.00574318, 0.0101749, 0.000118813, 0.0299995, 193.117, 0.0220362, 0.0233364, 0.000350262, 0.0158608, }
-1.49908
{19995.8, 172.236, 1099.96, 0.00550873, 0.0103152, 0.000133282, 0.0299955, 193.191, 0.0193448, 0.0211433, 0.000471788, 0.0157044, }
operapoints@EPIC-GAMER-LAPTOP:~/Projects/engine-opt/build$ ./build.sh
-- Required Boost libraries: serialization
-- Found Boost: /home/operapoints/spack/opt/spack/linux-ubuntu24.04-skylake/gcc-13.3.0/boost-1.86.0-khts4rvisoxaxs3jjep2pmwyexjo3jpw/lib/cmake/Boost-1.86.0/BoostConfig.cmake (found suitable version "1.86.0", minimum required is "1.60.0") found components: serialization 
-- Detected Boost version: 1.86.0
-- Boost include dirs: /home/operapoints/spack/opt/spack/linux-ubuntu24.04-skylake/gcc-13.3.0/boost-1.86.0-khts4rvisoxaxs3jjep2pmwyexjo3jpw/include
-- Found Boost: /home/operapoints/spack/opt/spack/linux-ubuntu24.04-skylake/gcc-13.3.0/boost-1.86.0-khts4rvisoxaxs3jjep2pmwyexjo3jpw/lib/cmake/Boost-1.86.0/BoostConfig.cmake (found version "1.86.0")  
-- Configuring done (0.0s)
-- Generating done (0.0s)
-- Build files have been written to: /home/operapoints/Projects/engine-opt/build
[ 33%] Building CXX object CMakeFiles/engine_opt.dir/jet_calc.cpp.o
[ 66%] Linking CXX executable engine_opt
[100%] Built target engine_opt
operapoints@EPIC-GAMER-LAPTOP:~/Projects/engine-opt/build$ ./engine_opt 
Problem name: problem_jet_calc
	C++ class name: problem_jet_calc

	Global dimension:			12
	Integer dimension:			0
	Fitness dimension:			26
	Number of objectives:			1
	Equality constraints dimension:		0
	Inequality constraints dimension:	25
	Tolerances on constraints: [0, 0, 0, 0, 0, ... ]
	Lower bounds: [0, 0, 600, 0.005, 0.005, ... ]
	Upper bounds: [20000, 300, 1100, 0.035, 0.035, ... ]
	Has batch fitness evaluation: false

	Has gradient: false
	User implemented gradient sparsity: false
	Has hessians: false
	User implemented hessians sparsity: false

	Fitness evaluations: 0

	Thread safety: basic
-3030.75
{19994.3, 113.904, 1099.96, 0.00519896, 0.0118451, 0.00014129, 0.0299846, 193.103, 0.0194314, 0.0212936, 0.000431674, 0.0165669, }
-3030.75
{19999.4, 116.265, 1099.96, 0.00621819, 0.0121853, 0.000139079, 0.0299985, 193.103, 0.0227378, 0.0242059, 0.000454352, 0.0158355, }
-3030.81
{19999.6, 140.78, 1099.96, 0.00508324, 0.0115027, 0.000158999, 0.0299978, 193.116, 0.0291247, 0.0299107, 0.000515908, 0.0154997, }
-3030.85
{19999.3, 146.228, 1099.93, 0.00523672, 0.0113982, 0.00015796, 0.0299933, 193.123, 0.0192376, 0.0216344, 0.000453195, 0.018083, }
-3030.83
{19996.8, 136.42, 1099.97, 0.00596402, 0.0116487, 0.000145667, 0.0299998, 193.121, 0.0224278, 0.0239288, 0.000520345, 0.0154995, }
-3030.83
{19999.7, 123.291, 1099.99, 0.00508435, 0.011699, 0.000148161, 0.0299934, 193.121, 0.0289123, 0.029668, 0.000519083, 0.0155006, }
-3030.8
{19994.1, 156.487, 1099.97, 0.00579378, 0.010846, 0.00013696, 0.0299906, 193.114, 0.0206567, 0.0222099, 0.000464943, 0.0161993, }
-3030.8
{19998.9, 125.478, 1099.96, 0.00513121, 0.0119714, 0.000158406, 0.0299964, 193.113, 0.0187796, 0.0212476, 0.000522342, 0.0175291, }
-3030.88
{19996, 128.301, 1099.91, 0.00524681, 0.0119599, 0.000159686, 0.0299925, 193.128, 0.0207489, 0.0223512, 0.000546133, 0.0165952, }
-996.615
{5869.99, 141.493, 1100, 0.0146998, 0.0192564, 0.00444633, 0.0108106, 14.6682, 0.0166324, 0.0329671, 0.00146225, 0.0148196, }
-3030.85
{19993.3, 120.418, 1099.98, 0.00524685, 0.0119959, 0.000152385, 0.0299905, 193.126, 0.0203031, 0.0219509, 0.000444577, 0.0162658, }
-1115.17
{6887.52, 211.92, 1099.68, 0.00878983, 0.0162804, 0.00117514, 0.0297542, 18.5078, 0.0132914, 0.033993, 0.0035221, 0.0188629, }
-3030.76
{19996, 142.484, 1099.98, 0.00581786, 0.011262, 0.000140376, 0.0299931, 193.105, 0.0190979, 0.0211852, 0.000371655, 0.0172029, }
-3030.88
{19992.7, 101.579, 1099.98, 0.00559283, 0.0123457, 0.000136057, 0.03, 193.132, 0.0212461, 0.0230027, 0.000459495, 0.0154527, }
-3030.84
{19994.8, 148.698, 1099.96, 0.00506716, 0.0109414, 0.000147076, 0.0299907, 193.122, 0.0210642, 0.0227383, 0.000373765, 0.0160225, }
-3030.77
{19997.2, 135.954, 1099.99, 0.00593067, 0.0117048, 0.000147735, 0.029996, 193.109, 0.020064, 0.0219408, 0.00046107, 0.0162376, }
-3030.88
{19994.5, 129.566, 1099.93, 0.00527335, 0.0119546, 0.000160478, 0.0299952, 193.129, 0.0197322, 0.0219589, 0.000523309, 0.0169982, }
-3030.77
{19996.3, 114.497, 1099.93, 0.00685592, 0.0123202, 0.000131203, 0.0299879, 193.106, 0.0191899, 0.0210349, 0.000421559, 0.0170128, }
-3030.9
{19997.7, 143.667, 1099.94, 0.00582396, 0.0112677, 0.000141334, 0.0299961, 193.135, 0.0243638, 0.0256661, 0.000492443, 0.0159461, }
-3030.84
{19999.4, 155.788, 1099.91, 0.0054745, 0.0108878, 0.000143521, 0.0299987, 193.119, 0.0251353, 0.0261756, 0.000493125, 0.0156178, }
-3030.77
{19989.4, 150.956, 1099.99, 0.00502969, 0.010921, 0.000148758, 0.0299964, 193.109, 0.0206308, 0.0226516, 0.000541982, 0.0156574, }
-964.458
{5817.98, 200.774, 1099.98, 0.0124662, 0.0154832, 0.0153242, 0.00896592, 13.7094, 0.0139279, 0.0291625, 0.00106443, 0.0152131, }
-3030.89
{19976, 122.527, 1099.98, 0.00593844, 0.0120174, 0.000145395, 0.0299996, 193.135, 0.0190936, 0.0212425, 0.000499686, 0.017009, }
-3030.88
{19985.6, 102.866, 1099.99, 0.00524772, 0.0126904, 0.000151902, 0.0299987, 193.132, 0.0197525, 0.0217187, 0.00050745, 0.0168382, }
-750.337
{4963.87, 178.299, 1099.9, 0.00659856, 0.0112993, 0.0175847, 0.00818838, 8.20261, 0.0139067, 0.0300301, 0.00251889, 0.0176107, }
-3030.86
{19996.5, 122.445, 1100, 0.00568965, 0.0117802, 0.000141445, 0.0299817, 193.129, 0.0209279, 0.0227649, 0.000463522, 0.0162309, }
-3030.76
{19998, 155.06, 1099.93, 0.00540809, 0.0107311, 0.000138877, 0.0299912, 193.103, 0.0199279, 0.0218795, 0.000378348, 0.016966, }
-3030.75
{19998.9, 147.457, 1099.96, 0.00712157, 0.0113078, 0.000119695, 0.0299923, 193.103, 0.0204009, 0.0219658, 0.000363101, 0.0155856, }
-3030.92
{19995.7, 122.102, 1099.99, 0.00532274, 0.0105839, 0.000110783, 0.0299986, 193.142, 0.0226207, 0.0239107, 0.000284713, 0.0165551, }
-3030.77
{19999.2, 169.492, 1099.91, 0.00588677, 0.00995937, 0.000111622, 0.0299972, 193.104, 0.0208927, 0.0222988, 0.000332418, 0.0160385, }
-3030.74
{19997.4, 122.743, 1099.97, 0.00516796, 0.0117703, 0.000148616, 0.03, 193.102, 0.0269104, 0.0277564, 0.000511552, 0.0157648, }
-3031.02
{19989.6, 119.799, 1099.96, 0.00538571, 0.0118159, 0.000144184, 0.0299975, 193.161, 0.0232283, 0.0247433, 0.000458158, 0.0161944, }
operapoints@EPIC-GAMER-LAPTOP:~/Projects/engine-opt/build$ ./engine_opt 
Problem name: problem_jet_calc
	C++ class name: problem_jet_calc

	Global dimension:			12
	Integer dimension:			0
	Fitness dimension:			26
	Number of objectives:			1
	Equality constraints dimension:		0
	Inequality constraints dimension:	25
	Tolerances on constraints: [0, 0, 0, 0, 0, ... ]
	Lower bounds: [0, 0, 600, 0.005, 0.005, ... ]
	Upper bounds: [20000, 300, 1100, 0.035, 0.035, ... ]
	Has batch fitness evaluation: false

	Has gradient: false
	User implemented gradient sparsity: false
	Has hessians: false
	User implemented hessians sparsity: false

	Fitness evaluations: 0

	Thread safety: basic
^C
operapoints@EPIC-GAMER-LAPTOP:~/Projects/engine-opt/build$ ./engine_opt 
Problem name: problem_jet_calc
	C++ class name: problem_jet_calc

	Global dimension:			12
	Integer dimension:			0
	Fitness dimension:			25
	Number of objectives:			1
	Equality constraints dimension:		0
	Inequality constraints dimension:	24
	Tolerances on constraints: [0, 0, 0, 0, 0, ... ]
	Lower bounds: [0, 0, 600, 0.005, 0.005, ... ]
	Upper bounds: [20000, 300, 1100, 0.035, 0.035, ... ]
	Has batch fitness evaluation: false

	Has gradient: false
	User implemented gradient sparsity: false
	Has hessians: false
	User implemented hessians sparsity: false

	Fitness evaluations: 0

	Thread safety: basic
-2.33344
{14973.8, 135.126, 1099.92, 0.00526534, 0.0157536, 0.000473699, 0.0299086, 108.837, 0.0154693, 0.0245175, 0.00134697, 0.0197379, }
-2.33275
{14951, 135.311, 1099.94, 0.00527077, 0.0158009, 0.000380702, 0.0299293, 108.794, 0.0154631, 0.0245716, 0.00163172, 0.017378, }
-2.33803
{14946.1, 143.811, 1099.92, 0.00510459, 0.0154276, 0.000476673, 0.0299832, 109.121, 0.0156423, 0.0246508, 0.00135271, 0.0194159, }
-2.33195
{14916.4, 133.613, 1099.95, 0.00536292, 0.0158718, 0.00039869, 0.0299952, 108.745, 0.0155767, 0.0246029, 0.00123651, 0.0199399, }
-2.3246
{15066.2, 130.404, 1099.96, 0.00500852, 0.0158333, 0.000383553, 0.0296709, 108.289, 0.0153526, 0.0243987, 0.00146592, 0.0180748, }
-2.33755
{15033.8, 137.405, 1099.93, 0.00512865, 0.0156213, 0.000488839, 0.0298802, 109.092, 0.0154257, 0.0244628, 0.00140366, 0.0183772, }
-2.3323
{15014.4, 143.075, 1099.98, 0.00507356, 0.0153691, 0.000454446, 0.0298578, 108.766, 0.0155049, 0.0245181, 0.00155094, 0.0164008, }
-2.33564
{14952, 141.936, 1099.97, 0.0051408, 0.0155175, 0.00039228, 0.0299499, 108.973, 0.0155134, 0.0246108, 0.00159741, 0.0178744, }
-2.33733
{15043.4, 139.09, 1099.97, 0.0050614, 0.0154977, 0.000423819, 0.0298425, 109.078, 0.0154396, 0.0244442, 0.00156308, 0.0174168, }
-2.33004
{14980.3, 134.232, 1099.94, 0.00505884, 0.0157526, 0.000541391, 0.0298961, 108.626, 0.0155654, 0.0245811, 0.00172962, 0.0162189, }
-2.32702
{15017.9, 140.863, 1099.98, 0.00510064, 0.0155054, 0.000390563, 0.0297683, 108.439, 0.0155022, 0.0245644, 0.0011094, 0.016338, }
-2.33852
{15045.8, 127.006, 1099.99, 0.00506786, 0.0160552, 0.000397057, 0.0297874, 109.152, 0.0154423, 0.0244563, 0.00125318, 0.0180031, }
-2.32432
{14956.8, 126.319, 1099.95, 0.00508516, 0.0161055, 0.000391523, 0.0298741, 108.271, 0.0155143, 0.0245367, 0.00151628, 0.0162977, }
-2.33685
{15051.2, 133.698, 1099.97, 0.00517324, 0.0157706, 0.000464049, 0.0299646, 109.048, 0.0153984, 0.0244366, 0.00119635, 0.0181678, }
-2.32979
{15003.3, 138.738, 1099.95, 0.0051192, 0.0156155, 0.000403781, 0.0299409, 108.611, 0.0155652, 0.0245803, 0.00128188, 0.0213481, }
-2.33382
{15028, 133.051, 1099.99, 0.00505514, 0.0158262, 0.000409219, 0.0298377, 108.861, 0.0153779, 0.0244885, 0.00105099, 0.0159801, }
-2.3414
{15027.6, 137.692, 1099.98, 0.00501185, 0.0156034, 0.000461432, 0.0299108, 109.33, 0.0154605, 0.0245028, 0.0013987, 0.016476, }
-2.33424
{14959, 138.391, 1099.95, 0.00512034, 0.0155937, 0.00044642, 0.0299573, 108.887, 0.0155201, 0.0245382, 0.00114727, 0.0174488, }
-2.33456
{15020.8, 138.966, 1099.91, 0.00524615, 0.0155804, 0.000475819, 0.0298964, 108.907, 0.0155011, 0.0245042, 0.00133733, 0.0168982, }
-2.32224
{15004.6, 128.13, 1099.96, 0.00538392, 0.0160227, 0.000486782, 0.0297325, 108.142, 0.0154444, 0.0244462, 0.00145213, 0.0195728, }
-2.3427
{15018.1, 139.499, 1099.98, 0.00509809, 0.0155327, 0.000432188, 0.0298801, 109.41, 0.015451, 0.0245012, 0.00130392, 0.0190898, }
-2.33961
{14939.3, 133.571, 1099.97, 0.00500009, 0.0158407, 0.000504964, 0.0299876, 109.219, 0.0155964, 0.024645, 0.00142326, 0.0184746, }
-2.31845
{14918.6, 136.583, 1099.91, 0.00541846, 0.0157903, 0.000438695, 0.0298507, 107.906, 0.0155031, 0.0245978, 0.00118159, 0.0171701, }
-2.33492
{15012.7, 132.961, 1099.98, 0.00500057, 0.0157997, 0.000539875, 0.0299246, 108.929, 0.0155034, 0.0245376, 0.00108205, 0.0164703, }
-2.34291
{14954, 145.507, 1099.93, 0.00504499, 0.0153161, 0.000515457, 0.0299902, 109.424, 0.0155431, 0.0245934, 0.0011385, 0.018342, }
-2.33487
{14972.4, 132.53, 1099.92, 0.00523887, 0.0159057, 0.000408969, 0.0298996, 108.926, 0.0155218, 0.0245591, 0.00118904, 0.0169275, }
-2.33623
{14976.8, 134.126, 1099.92, 0.00521448, 0.0158152, 0.000524875, 0.029921, 109.01, 0.0155525, 0.0245727, 0.00124935, 0.0174364, }
-2.3469
{15044.9, 133.092, 1099.95, 0.0050458, 0.0157997, 0.000431372, 0.0299949, 109.67, 0.0154697, 0.0244883, 0.00123787, 0.0158204, }
-2.33881
{14992.3, 134.13, 1099.94, 0.00503211, 0.0158136, 0.000544502, 0.0299807, 109.17, 0.0155589, 0.0245995, 0.00118768, 0.0168608, }
-2.33401
{14985.1, 146.177, 1099.99, 0.0050581, 0.0152644, 0.000489595, 0.0298902, 108.872, 0.0155198, 0.0245582, 0.00117928, 0.0168217, }
-2.34373
{14983.2, 137.576, 1099.94, 0.00516936, 0.0156868, 0.000498463, 0.0299887, 109.474, 0.0155966, 0.0246168, 0.00154338, 0.0188414, }
-2.3191
{15135.9, 138.957, 1099.94, 0.00519919, 0.0154374, 0.000386218, 0.0294532, 107.946, 0.0152083, 0.0242498, 0.00134072, 0.0214753, }
operapoints@EPIC-GAMER-LAPTOP:~/Projects/engine-opt/build$ ./engine_opt 
Problem name: problem_jet_calc
	C++ class name: problem_jet_calc

	Global dimension:			12
	Integer dimension:			0
	Fitness dimension:			24
	Number of objectives:			1
	Equality constraints dimension:		0
	Inequality constraints dimension:	23
	Tolerances on constraints: [0, 0, 0, 0, 0, ... ]
	Lower bounds: [0, 0, 600, 0.005, 0.005, ... ]
	Upper bounds: [20000, 300, 1100, 0.035, 0.035, ... ]
	Has batch fitness evaluation: false

	Has gradient: false
	User implemented gradient sparsity: false
	Has hessians: false
	User implemented hessians sparsity: false

	Fitness evaluations: 0

	Thread safety: basic
-1.72603
{11474.8, 136.567, 1099.86, 0.00502299, 0.0205348, 0.00125727, 0.0299664, 62.0015, 0.0231428, 0.0346646, 0.00192528, 0.0162947, }
-1.72661
{11502.1, 138.072, 1096.32, 0.00502761, 0.020405, 0.00122401, 0.0299931, 62.667, 0.0248607, 0.0340064, 0.00234855, 0.0166821, }
-1.72669
{11474.4, 139.689, 1099.1, 0.00502323, 0.0203579, 0.0013506, 0.03, 62.071, 0.0216163, 0.0335398, 0.00309428, 0.0199318, }
-1.7258
{11470.9, 135.78, 1098.52, 0.00509151, 0.0205716, 0.0012078, 0.0299948, 62.3054, 0.0121455, 0.0310517, 0.00275657, 0.0194553, }
-1.72546
{11472.9, 131.749, 1098.77, 0.00503493, 0.0207941, 0.00112556, 0.0299929, 62.3597, 0.0239406, 0.0341827, 0.00242095, 0.0166745, }
-1.72463
{11505.2, 136.919, 1097.49, 0.00501917, 0.0204474, 0.00130463, 0.029983, 62.6129, 0.0246484, 0.0340695, 0.00238274, 0.0161477, }
-1.72707
{11461.4, 133.931, 1099.78, 0.00502102, 0.0207042, 0.000966262, 0.0299967, 62.0065, 0.0191488, 0.0334881, 0.00182998, 0.0210232, }
-1.72664
{11485.7, 137.497, 1097.41, 0.00505703, 0.0204591, 0.00128127, 0.0299962, 62.4779, 0.0131681, 0.0313325, 0.00283478, 0.0199726, }
-1.72628
{11492.7, 136.947, 1096.97, 0.00505298, 0.0204891, 0.000932931, 0.0299826, 62.4861, 0.0168946, 0.0307487, 0.00149034, 0.0214236, }
-1.72539
{11537.7, 133.946, 1099.85, 0.0050277, 0.0205717, 0.00121477, 0.0299806, 63.0221, 0.0175851, 0.0327019, 0.0016501, 0.0167012, }
-1.72565
{11483, 134.052, 1095.37, 0.0050391, 0.0206686, 0.00100046, 0.0299861, 62.4572, 0.0161538, 0.0317396, 0.00177613, 0.016574, }
-1.7279
{11503.7, 136.484, 1099.64, 0.0050303, 0.020496, 0.00119604, 0.0299768, 62.5872, 0.0176329, 0.032028, 0.0020052, 0.0212692, }
-1.72552
{11549.4, 137.295, 1096.8, 0.00501614, 0.0203735, 0.0010129, 0.0299824, 63.1986, 0.0197881, 0.0326964, 0.00235395, 0.0183078, }
-1.72621
{11471.7, 131.503, 1098.25, 0.00503517, 0.0208212, 0.00124186, 0.0299907, 62.3626, 0.0216829, 0.032978, 0.00263855, 0.0177838, }
-1.72546
{11524, 138.951, 1099.75, 0.00500703, 0.0203091, 0.00102239, 0.0299463, 62.6927, 0.0202607, 0.0334038, 0.00192921, 0.0176349, }
-1.72662
{11507, 138.122, 1099.96, 0.00511142, 0.0204009, 0.000829693, 0.0299834, 62.6228, 0.0188189, 0.0321641, 0.00200967, 0.0160641, }
-1.72693
{11508.4, 136.586, 1099.13, 0.00503182, 0.0204762, 0.000910646, 0.02999, 62.6591, 0.0251689, 0.0343369, 0.00171147, 0.019652, }
-1.72713
{11449.7, 133.252, 1098.29, 0.00501965, 0.0207747, 0.00115618, 0.0299934, 61.8597, 0.024116, 0.0344509, 0.00178765, 0.01687, }
-1.7275
{11436.8, 130.123, 1099.99, 0.00501682, 0.0209672, 0.000928673, 0.0299994, 61.8301, 0.0160583, 0.0309366, 0.00281911, 0.0186267, }
-1.72824
{11482.6, 136.625, 1099.68, 0.00500419, 0.0204951, 0.000951729, 0.0299972, 62.4935, 0.0128772, 0.031488, 0.00192378, 0.0203874, }
-1.7266
{11485, 134.745, 1095.56, 0.00502005, 0.0206296, 0.00111252, 0.0299952, 62.4602, 0.0132109, 0.0318608, 0.0020678, 0.020394, }
-1.72561
{11524, 142.085, 1099.44, 0.00506999, 0.020123, 0.000689576, 0.0299988, 62.9677, 0.0186927, 0.0322787, 0.00307295, 0.0204484, }
-1.72537
{11470.5, 136.238, 1099.38, 0.00515314, 0.0205742, 0.00113789, 0.0299766, 62.0813, 0.0165251, 0.0312816, 0.00167547, 0.0160992, }
-1.7277
{11464.8, 132.812, 1099.38, 0.00501877, 0.0207598, 0.000747966, 0.0299894, 62.2048, 0.0191667, 0.0329743, 0.00310615, 0.0198987, }
-1.72592
{11520.1, 134.871, 1099.73, 0.00509811, 0.0205609, 0.000935227, 0.0299776, 62.8304, 0.0163509, 0.0307117, 0.00297706, 0.0202779, }
-1.72601
{11528.9, 134.968, 1098.47, 0.00500163, 0.0205374, 0.00105012, 0.0299787, 62.8684, 0.0251846, 0.0346885, 0.00182163, 0.0195647, }
-1.72633
{11472.8, 138.273, 1099.83, 0.00502747, 0.0204337, 0.0012786, 0.0299952, 62.049, 0.0170843, 0.0320726, 0.00143687, 0.0166618, }
-1.72729
{11482.7, 134.378, 1099.3, 0.00502144, 0.020649, 0.00122792, 0.0299752, 62.3021, 0.0224753, 0.0334737, 0.00249686, 0.0169304, }
-1.728
{11467.4, 132.686, 1099.88, 0.00501219, 0.0207692, 0.00119186, 0.0299868, 62.1724, 0.019344, 0.0317363, 0.00269094, 0.0197134, }
-1.72486
{11485.4, 134.5, 1096.88, 0.00504801, 0.0206281, 0.000986996, 0.0299754, 62.4181, 0.0231414, 0.0332876, 0.00219978, 0.0173286, }
-1.72751
{11494.3, 134.878, 1099.14, 0.00500139, 0.0206031, 0.00105464, 0.0299945, 62.426, 0.0194765, 0.0315396, 0.00178742, 0.0165409, }
-1.72399
{11508.7, 135.92, 1099.74, 0.00506817, 0.0205119, 0.00107669, 0.0299235, 62.4647, 0.0211359, 0.0322938, 0.00146091, 0.0165257, }

